id	orig.ident	nCount_RNA	nFeature_RNA	percent.mt	RNA_snn_res.1	seurat_clusters
IS1_A1	IS1	19198.59	1327	0	1	1
IS1_A2	IS1	23989.25	1320	0	1	1
IS1_A3	IS1	20982.99	1293	0	1	1
IS1_A4	IS1	26164.02	1327	0	5	5
IS1_A5	IS1	26574.07	1283	0	1	1
IS1_A6	IS1	26111.41	1270	0	5	5
IS1_A7	IS1	20353.40	1309	0	1	1
IS1_A8	IS1	14594.23	1327	0	1	1
IS1_A9	IS1	29401.37	1308	0	5	5
IS1_A10	IS1	23498.45	1342	0	3	3
IS1_A11	IS1	23847.22	1297	0	1	1
IS1_A12	IS1	20486.87	1292	0	1	1
IS1_A13	IS1	23396.65	1304	0	1	1
IS1_A14	IS1	20029.07	1302	0	1	1
IS1_A15	IS1	28789.97	1328	0	5	5
IS1_A16	IS1	23471.56	1293	0	1	1
IS1_A17	IS1	28936.49	1303	0	5	5
IS1_A18	IS1	25547.90	1340	0	5	5
IS1_A19	IS1	21354.15	1294	0	1	1
IS1_A20	IS1	24917.05	1315	0	5	5
IS1_A21	IS1	27711.84	1288	0	3	3
IS1_A22	IS1	17517.22	1294	0	1	1
IS1_A23	IS1	26489.63	1282	0	3	3
IS1_A24	IS1	28111.75	1285	0	5	5
IS1_A25	IS1	20246.29	1309	0	1	1
IS1_A26	IS1	20326.31	1301	0	1	1
IS1_A27	IS1	19718.14	1313	0	1	1
IS1_A28	IS1	22247.08	1314	0	1	1
IS1_A29	IS1	24017.97	1319	0	5	5
IS1_A30	IS1	18891.30	1296	0	1	1
IS1_A31	IS1	18893.59	1221	0	1	1
IS1_A32	IS1	28116.46	1299	0	5	5
IS1_A33	IS1	25229.78	1325	0	5	5
IS1_A34	IS1	31125.88	1336	0	5	5
IS1_A35	IS1	25947.20	1312	0	5	5
IS1_A36	IS1	16719.40	1305	0	1	1
IS1_A37	IS1	35420.99	1322	0	5	5
IS1_A38	IS1	21330.15	1309	0	1	1
IS1_A39	IS1	19570.76	1291	0	1	1
IS1_A40	IS1	25022.74	1320	0	3	3
IS1_A41	IS1	25601.08	1290	0	5	5
IS1_A42	IS1	24779.17	1260	0	5	5
IS1_A43	IS1	24415.74	1292	0	5	5
IS1_A44	IS1	19288.17	1316	0	1	1
IS1_A45	IS1	27158.76	1281	0	1	1
IS1_A46	IS1	21544.19	1310	0	1	1
IS1_A47	IS1	23108.71	1313	0	3	3
IS1_A48	IS1	23603.03	1327	0	5	5
IS1_A49	IS1	23715.23	1313	0	1	1
IS1_A50	IS1	31667.68	1315	0	5	5
IS1_A51	IS1	24289.66	1281	0	5	5
IS1_A52	IS1	18092.42	1329	0	1	1
IS1_A53	IS1	20525.62	1312	0	1	1
IS1_A54	IS1	19414.16	1334	0	1	1
IS1_A55	IS1	23128.19	1265	0	1	1
IS1_A56	IS1	29449.16	1314	0	5	5
IS1_A57	IS1	27623.67	1341	0	5	5
IS1_A58	IS1	41729.80	1296	0	5	5
IS1_A59	IS1	21924.66	1268	0	1	1
IS1_A60	IS1	23787.58	1345	0	5	5
IS1_A61	IS1	26696.02	1264	0	5	5
IS1_A62	IS1	21707.50	1320	0	5	5
IS1_A63	IS1	28762.23	1305	0	5	5
IS1_A64	IS1	31019.53	1319	0	5	5
IS1_A65	IS1	23758.99	1331	0	5	5
IS1_A66	IS1	20565.87	1317	0	1	1
IS1_A67	IS1	16568.31	1332	0	1	1
IS1_A68	IS1	20883.41	1304	0	1	1
IS1_A69	IS1	43816.84	1314	0	5	5
IS1_A70	IS1	32829.81	1320	0	5	5
IS1_A71	IS1	16336.64	1299	0	1	1
IS1_A72	IS1	23319.39	1266	0	1	1
IS1_A73	IS1	27315.10	1285	0	5	5
IS1_A74	IS1	21755.28	1304	0	1	1
IS1_A75	IS1	29732.30	1335	0	5	5
IS1_A76	IS1	26404.62	1302	0	5	5
IS1_A77	IS1	21341.06	1308	0	1	1
IS1_A78	IS1	29513.51	1318	0	5	5
IS1_A79	IS1	19922.55	1324	0	1	1
IS1_A80	IS1	29749.99	1339	0	5	5
IS1_A81	IS1	25008.54	1293	0	5	5
IS1_A82	IS1	24980.04	1297	0	1	1
IS1_A83	IS1	20403.55	1261	0	1	1
IS1_A84	IS1	27173.83	1288	0	5	5
IS1_A85	IS1	23993.77	1297	0	1	1
IS1_A86	IS1	26382.34	1293	0	5	5
IS1_A87	IS1	21642.01	1291	0	1	1
IS1_A88	IS1	26298.57	1275	0	1	1
IS1_A89	IS1	25937.08	1249	0	5	5
IS1_A90	IS1	26171.09	1321	0	5	5
IS1_A91	IS1	24566.27	1340	0	5	5
IS1_A92	IS1	17889.10	1333	0	3	3
IS1_A93	IS1	24144.09	1303	0	3	3
IS1_A94	IS1	23955.44	1294	0	1	1
IS1_A95	IS1	19615.33	1287	0	1	1
IS1_A96	IS1	29217.65	1312	0	3	3
IS1_A97	IS1	30078.28	1293	0	5	5
IS1_A98	IS1	29085.29	1240	0	1	1
IS1_A99	IS1	23479.06	1323	0	5	5
IS1_A100	IS1	20067.89	1320	0	1	1
IS1_A101	IS1	23140.99	1300	0	5	5
IS1_A102	IS1	23248.82	1306	0	1	1
IS1_A103	IS1	27836.05	1311	0	5	5
IS1_A104	IS1	20265.11	1316	0	1	1
IS1_A105	IS1	21400.67	1281	0	1	1
IS1_A106	IS1	20500.16	1326	0	1	1
IS1_A107	IS1	18268.26	1290	0	1	1
IS1_A108	IS1	30282.89	1278	0	1	1
IS1_A109	IS1	22368.71	1320	0	3	3
IS1_A110	IS1	21118.08	1283	0	1	1
IS1_A111	IS1	19638.42	1254	0	1	1
IS1_A112	IS1	21158.68	1312	0	1	1
IS1_A113	IS1	20920.19	1276	0	1	1
IS1_A114	IS1	27810.77	1308	0	5	5
IS1_A115	IS1	26799.32	1326	0	5	5
IS1_A116	IS1	21213.83	1302	0	3	3
IS1_A117	IS1	21688.18	1278	0	1	1
IS1_A118	IS1	22433.52	1271	0	1	1
IS1_A119	IS1	25735.14	1312	0	3	3
IS1_A120	IS1	27625.10	1289	0	5	5
IS1_A121	IS1	25469.27	1305	0	1	1
IS1_A122	IS1	35756.04	1329	0	5	5
IS1_A123	IS1	21918.61	1326	0	5	5
IS1_A124	IS1	22971.64	1308	0	1	1
IS1_A125	IS1	26967.77	1313	0	5	5
IS1_A126	IS1	22116.52	1277	0	1	1
IS1_A127	IS1	24872.52	1289	0	5	5
IS1_A128	IS1	23327.77	1295	0	1	1
IS1_A129	IS1	22763.77	1325	0	5	5
IS1_A130	IS1	24610.35	1284	0	1	1
IS1_A131	IS1	26367.06	1319	0	5	5
IS1_A132	IS1	31992.54	1309	0	5	5
IS1_A133	IS1	50442.66	1284	0	5	5
IS1_A134	IS1	23625.52	1313	0	1	1
IS1_A135	IS1	17786.90	1300	0	1	1
IS1_A136	IS1	22854.89	1298	0	1	1
IS1_A137	IS1	25040.63	1342	0	5	5
IS1_A138	IS1	20046.40	1307	0	1	1
IS1_A139	IS1	18583.32	1271	0	1	1
IS1_A140	IS1	25653.88	1291	0	5	5
IS1_A141	IS1	16517.02	1322	0	0	0
IS1_A142	IS1	21882.54	1294	0	1	1
IS1_A143	IS1	21695.53	1311	0	3	3
IS1_A144	IS1	30746.99	1303	0	5	5
IS1_A145	IS1	22106.89	1295	0	3	3
IS1_A146	IS1	19668.58	1309	0	1	1
IS1_A147	IS1	24060.16	1332	0	5	5
IS1_A148	IS1	24486.55	1302	0	5	5
IS1_A149	IS1	21021.91	1296	0	1	1
IS1_A150	IS1	23023.22	1289	0	1	1
IS1_A151	IS1	19439.05	1304	0	1	1
IS1_A152	IS1	20051.90	1305	0	3	3
IS1_A153	IS1	26941.62	1291	0	5	5
IS1_A154	IS1	24686.55	1319	0	5	5
IS1_A155	IS1	25616.46	1315	0	5	5
IS1_A156	IS1	20148.84	1304	0	1	1
IS1_A157	IS1	35659.07	1297	0	5	5
IS1_A158	IS1	25192.29	1291	0	1	1
IS1_A159	IS1	19774.36	1315	0	1	1
IS1_A160	IS1	19713.41	1289	0	1	1
IS1_A161	IS1	22443.58	1352	0	1	1
IS1_A162	IS1	29395.57	1287	0	5	5
IS1_A163	IS1	21378.29	1303	0	1	1
IS1_A164	IS1	32829.00	1293	0	5	5
IS1_A165	IS1	34472.87	1331	0	5	5
IS1_A166	IS1	17050.82	1231	0	1	1
IS1_A167	IS1	17287.41	1315	0	1	1
IS1_A168	IS1	26789.71	1314	0	5	5
IS1_A169	IS1	23553.13	1318	0	3	3
IS1_A170	IS1	14447.86	1279	0	2	2
IS1_A171	IS1	18484.50	1325	0	3	3
IS1_A172	IS1	14783.23	1291	0	0	0
IS1_A173	IS1	17186.07	1291	0	1	1
IS1_A174	IS1	12474.68	1303	0	2	2
IS1_A175	IS1	14106.96	1304	0	4	4
IS1_A176	IS1	18923.22	1284	0	3	3
IS1_A177	IS1	15559.70	1266	0	0	0
IS1_A178	IS1	15301.35	1234	0	0	0
IS1_A179	IS1	14211.81	1243	0	2	2
IS1_A180	IS1	20994.07	1297	0	3	3
IS1_A181	IS1	18379.08	1292	0	1	1
IS1_A182	IS1	15901.80	1303	0	0	0
IS1_A183	IS1	15501.33	1266	0	0	0
IS1_A184	IS1	20366.73	1273	0	3	3
IS1_A185	IS1	17216.18	1256	0	0	0
IS1_A186	IS1	14339.00	1303	0	2	2
IS1_A187	IS1	18406.35	1252	0	0	0
IS1_A188	IS1	25959.55	1298	0	3	3
IS1_A189	IS1	20947.30	1298	0	3	3
IS1_A190	IS1	15555.04	1295	0	0	0
IS1_A191	IS1	15233.48	1277	0	4	4
IS1_A192	IS1	13994.92	1291	0	4	4
IS1_A193	IS1	15187.41	1285	0	4	4
IS1_A194	IS1	22764.84	1291	0	3	3
IS1_A195	IS1	14576.04	1244	0	2	2
IS1_A196	IS1	19356.71	1304	0	0	0
IS1_A197	IS1	14235.89	1303	0	4	4
IS1_A198	IS1	14718.91	1283	0	0	0
IS1_A199	IS1	15464.78	1243	0	0	0
IS1_A200	IS1	15989.14	1254	0	0	0
IS1_A201	IS1	14462.26	1267	0	2	2
IS1_A202	IS1	15740.79	1284	0	4	4
IS1_A203	IS1	14755.71	1250	0	2	2
IS1_A204	IS1	16222.55	1298	0	0	0
IS1_A205	IS1	14840.02	1332	0	2	2
IS1_A206	IS1	14287.35	1294	0	0	0
IS1_A207	IS1	19232.22	1267	0	0	0
IS1_A208	IS1	16578.01	1263	0	0	0
IS1_A209	IS1	13084.40	1302	0	4	4
IS1_A210	IS1	14621.82	1260	0	2	2
IS1_A211	IS1	15878.00	1289	0	0	0
IS1_A212	IS1	22941.44	1317	0	3	3
IS1_A213	IS1	18081.72	1272	0	2	2
IS1_A214	IS1	15792.95	1265	0	2	2
IS1_A215	IS1	14217.05	1298	0	2	2
IS1_A216	IS1	13268.82	1296	0	4	4
IS1_A217	IS1	12429.76	1291	0	2	2
IS1_A218	IS1	14455.53	1269	0	0	0
IS1_A219	IS1	23394.68	1307	0	1	1
IS1_A220	IS1	17677.39	1312	0	2	2
IS1_A221	IS1	18219.10	1314	0	1	1
IS1_A222	IS1	15874.79	1311	0	0	0
IS1_A223	IS1	13782.03	1263	0	2	2
IS1_A224	IS1	18682.66	1275	0	3	3
IS1_A225	IS1	14170.68	1290	0	0	0
IS1_A226	IS1	13908.79	1282	0	2	2
IS1_A227	IS1	18131.28	1290	0	0	0
IS1_A228	IS1	15710.34	1290	0	0	0
IS1_A229	IS1	15285.85	1284	0	0	0
IS1_A230	IS1	18110.61	1222	0	3	3
IS1_A231	IS1	13929.71	1275	0	4	4
IS1_A232	IS1	15117.92	1273	0	2	2
IS1_A233	IS1	14290.91	1282	0	4	4
IS1_A234	IS1	14967.21	1253	0	2	2
IS1_A235	IS1	15224.55	1272	0	1	1
IS1_A236	IS1	20260.12	1266	0	1	1
IS1_A237	IS1	13797.98	1260	0	4	4
IS1_A238	IS1	13631.49	1306	0	2	2
IS1_A239	IS1	13956.48	1324	0	2	2
IS1_A240	IS1	17987.02	1283	0	3	3
IS1_A241	IS1	15032.59	1285	0	0	0
IS1_A242	IS1	14279.30	1286	0	4	4
IS1_A243	IS1	19343.43	1325	0	3	3
IS1_A244	IS1	18232.11	1305	0	3	3
IS1_A245	IS1	17826.61	1284	0	3	3
IS1_A246	IS1	12569.87	1287	0	4	4
IS1_A247	IS1	19299.19	1290	0	0	0
IS1_A248	IS1	16197.44	1269	0	3	3
IS1_A249	IS1	15868.61	1248	0	0	0
IS1_A250	IS1	19098.16	1258	0	1	1
IS1_A251	IS1	15225.57	1230	0	1	1
IS1_A252	IS1	20102.14	1326	0	3	3
IS1_A253	IS1	13138.62	1293	0	2	2
IS1_A254	IS1	13806.13	1273	0	2	2
IS1_A255	IS1	17615.53	1315	0	0	0
IS1_A256	IS1	14754.25	1279	0	4	4
IS1_A257	IS1	15690.15	1293	0	0	0
IS1_A258	IS1	22005.30	1311	0	3	3
IS1_A259	IS1	18424.39	1296	0	1	1
IS1_A260	IS1	14564.66	1297	0	4	4
IS1_A261	IS1	19704.27	1270	0	3	3
IS1_A262	IS1	19558.40	1264	0	3	3
IS1_A263	IS1	18029.69	1266	0	3	3
IS1_A264	IS1	14045.94	1244	0	2	2
IS1_A265	IS1	15488.47	1288	0	0	0
IS1_A266	IS1	19409.41	1295	0	1	1
IS1_A267	IS1	14531.07	1265	0	0	0
IS1_A268	IS1	13099.88	1320	0	0	0
IS1_A269	IS1	19308.80	1300	0	3	3
IS1_A270	IS1	13807.00	1285	0	4	4
IS1_A271	IS1	14052.16	1307	0	4	4
IS1_A272	IS1	23773.99	1344	0	3	3
IS1_A273	IS1	20348.39	1297	0	3	3
IS1_A274	IS1	13911.01	1308	0	4	4
IS1_A275	IS1	14986.58	1254	0	2	2
IS2_A1	IS2	15267.44	1269	0	3	3
IS2_A2	IS2	14323.94	1295	0	4	4
IS2_A3	IS2	14691.63	1237	0	0	0
IS2_A4	IS2	13190.90	1278	0	4	4
IS2_A5	IS2	13550.65	1310	0	4	4
IS2_A6	IS2	14167.31	1264	0	0	0
IS2_A7	IS2	16557.61	1312	0	0	0
IS2_A8	IS2	12511.80	1273	0	2	2
IS2_A9	IS2	23475.35	1302	0	1	1
IS2_A10	IS2	17166.85	1282	0	1	1
IS2_A11	IS2	14271.89	1259	0	0	0
IS2_A12	IS2	16844.61	1261	0	0	0
IS2_A13	IS2	15664.16	1289	0	4	4
IS2_A14	IS2	15808.47	1248	0	2	2
IS2_A15	IS2	23619.72	1297	0	3	3
IS2_A16	IS2	15894.82	1286	0	0	0
IS2_A17	IS2	17088.85	1240	0	0	0
IS2_A18	IS2	21339.53	1295	0	3	3
IS2_A19	IS2	15343.29	1297	0	0	0
IS2_A20	IS2	15192.99	1256	0	1	1
IS2_A21	IS2	17952.59	1301	0	3	3
IS2_A22	IS2	15600.64	1294	0	0	0
IS2_A23	IS2	19431.08	1306	0	0	0
IS2_A24	IS2	12767.28	1280	0	4	4
IS2_A25	IS2	12757.98	1280	0	2	2
IS2_A26	IS2	13177.68	1302	0	2	2
IS2_A27	IS2	15426.33	1350	0	4	4
IS2_A28	IS2	15924.67	1289	0	1	1
IS2_A29	IS2	15400.48	1280	0	0	0
IS2_A30	IS2	12834.05	1290	0	4	4
IS2_A31	IS2	20431.28	1291	0	1	1
IS2_A32	IS2	14311.25	1308	0	4	4
IS2_A33	IS2	13539.79	1286	0	4	4
IS2_A34	IS2	13440.28	1271	0	4	4
IS2_A35	IS2	14013.53	1296	0	4	4
IS2_A36	IS2	20467.80	1339	0	3	3
IS2_A37	IS2	16791.69	1299	0	0	0
IS2_A38	IS2	11442.91	1267	0	4	4
IS2_A39	IS2	14287.54	1269	0	0	0
IS2_A40	IS2	16577.09	1291	0	0	0
IS2_A41	IS2	21595.73	1329	0	5	5
IS2_A42	IS2	22256.34	1278	0	3	3
IS2_A43	IS2	17687.58	1335	0	1	1
IS2_A44	IS2	14213.66	1275	0	0	0
IS2_A45	IS2	23519.90	1326	0	3	3
IS2_A46	IS2	17210.40	1277	0	0	0
IS2_A47	IS2	20853.91	1299	0	3	3
IS2_A48	IS2	19413.15	1299	0	3	3
IS2_A49	IS2	16492.53	1315	0	0	0
IS2_A50	IS2	16476.09	1265	0	0	0
IS2_A51	IS2	34152.49	1333	0	5	5
IS2_A52	IS2	14712.27	1251	0	0	0
IS2_A53	IS2	17681.46	1301	0	0	0
IS2_A54	IS2	14139.44	1324	0	0	0
IS2_A55	IS2	14893.30	1275	0	0	0
IS2_A56	IS2	14534.54	1299	0	0	0
IS2_A57	IS2	14832.55	1270	0	0	0
IS2_A58	IS2	15050.95	1274	0	0	0
IS2_A59	IS2	14381.16	1285	0	2	2
IS2_A60	IS2	20189.58	1282	0	1	1
IS2_A61	IS2	14340.03	1285	0	4	4
IS2_A62	IS2	14223.76	1288	0	4	4
IS2_A63	IS2	16312.68	1301	0	0	0
IS2_A64	IS2	14781.82	1273	0	0	0
IS2_A65	IS2	15107.99	1263	0	2	2
IS2_A66	IS2	14074.07	1290	0	0	0
IS2_A67	IS2	15297.53	1300	0	0	0
IS2_A68	IS2	15908.41	1290	0	0	0
IS2_A69	IS2	14086.70	1280	0	2	2
IS2_A70	IS2	15884.11	1260	0	2	2
IS2_A71	IS2	13184.18	1279	0	2	2
IS2_A72	IS2	24874.64	1266	0	3	3
IS2_A73	IS2	14299.88	1261	0	4	4
IS2_A74	IS2	14209.37	1287	0	2	2
IS2_A75	IS2	20600.68	1303	0	3	3
IS2_A76	IS2	14258.61	1284	0	2	2
IS2_A77	IS2	14571.20	1265	0	2	2
IS2_A78	IS2	12711.11	1262	0	2	2
IS2_A79	IS2	16108.68	1284	0	2	2
IS2_A80	IS2	17121.17	1312	0	0	0
IS2_A81	IS2	23818.44	1312	0	3	3
IS2_A82	IS2	14392.13	1262	0	0	0
IS2_A83	IS2	24121.50	1307	0	3	3
IS2_A84	IS2	22815.33	1318	0	3	3
IS2_A85	IS2	20402.31	1248	0	0	0
IS2_A86	IS2	17133.24	1285	0	2	2
IS2_A87	IS2	15246.16	1295	0	4	4
IS2_A88	IS2	15628.54	1266	0	0	0
IS2_A89	IS2	15366.70	1276	0	4	4
IS2_A90	IS2	12746.40	1307	0	4	4
IS2_A91	IS2	16295.38	1221	0	0	0
IS2_A92	IS2	19467.13	1278	0	3	3
IS2_A93	IS2	15746.09	1298	0	4	4
IS2_A94	IS2	22190.56	1307	0	3	3
IS2_A95	IS2	15729.70	1323	0	0	0
IS2_A96	IS2	17716.15	1274	0	0	0
IS2_A97	IS2	15938.61	1283	0	0	0
IS2_A98	IS2	21155.58	1291	0	1	1
IS2_A99	IS2	14087.14	1254	0	2	2
IS2_A100	IS2	13503.83	1261	0	4	4
IS2_A101	IS2	19266.44	1265	0	0	0
IS2_A102	IS2	16743.96	1303	0	1	1
IS2_A103	IS2	12844.46	1252	0	2	2
IS2_A104	IS2	13182.43	1293	0	4	4
IS2_A105	IS2	13241.16	1280	0	4	4
IS2_A106	IS2	13688.95	1292	0	2	2
IS2_A107	IS2	14139.77	1306	0	4	4
IS2_A108	IS2	14530.21	1296	0	2	2
IS2_A109	IS2	12928.91	1309	0	4	4
IS2_A110	IS2	16583.96	1267	0	0	0
IS2_A111	IS2	15650.45	1290	0	2	2
IS2_A112	IS2	13734.82	1272	0	2	2
IS2_A113	IS2	18672.18	1248	0	0	0
IS2_A114	IS2	13044.86	1286	0	4	4
IS2_A115	IS2	16368.13	1282	0	0	0
IS2_A116	IS2	14362.97	1279	0	2	2
IS2_A117	IS2	15609.50	1268	0	1	1
IS2_A118	IS2	14945.85	1261	0	2	2
IS2_A119	IS2	18076.71	1278	0	0	0
IS2_A120	IS2	20420.96	1280	0	1	1
IS2_A121	IS2	13845.89	1306	0	2	2
IS2_A122	IS2	15894.73	1265	0	0	0
IS2_A123	IS2	13833.07	1300	0	0	0
IS2_A124	IS2	23127.22	1263	0	3	3
IS2_A125	IS2	14341.94	1279	0	2	2
IS2_A126	IS2	13331.89	1278	0	4	4
IS2_A127	IS2	22284.53	1268	0	0	0
IS2_A128	IS2	23637.87	1328	0	1	1
IS2_A129	IS2	13850.17	1296	0	2	2
IS2_A130	IS2	22523.72	1266	0	3	3
IS2_A131	IS2	16662.37	1311	0	0	0
IS2_A132	IS2	17637.55	1287	0	3	3
IS2_A133	IS2	20741.20	1325	0	0	0
IS2_A134	IS2	14272.91	1285	0	4	4
IS2_A135	IS2	16948.52	1306	0	0	0
IS2_A136	IS2	14849.14	1293	0	2	2
IS2_A137	IS2	15205.36	1280	0	0	0
IS2_A138	IS2	19705.91	1304	0	3	3
IS2_A139	IS2	22507.65	1291	0	3	3
IS3_A1	IS3	16832.93	1240	0	0	0
IS3_A2	IS3	12645.49	1293	0	4	4
IS3_A3	IS3	15115.00	1277	0	0	0
IS3_A4	IS3	15417.94	1287	0	0	0
IS3_A5	IS3	18280.35	1313	0	1	1
IS3_A6	IS3	13623.14	1246	0	2	2
IS3_A7	IS3	14466.90	1290	0	2	2
IS3_A8	IS3	18639.37	1291	0	0	0
IS3_A9	IS3	15489.26	1282	0	0	0
IS3_A10	IS3	13367.95	1242	0	2	2
IS3_A11	IS3	33083.87	1310	0	3	3
IS3_A12	IS3	13982.52	1290	0	0	0
IS3_A13	IS3	15194.15	1276	0	0	0
IS3_A14	IS3	15936.28	1314	0	2	2
IS3_A15	IS3	22329.92	1297	0	0	0
IS3_A16	IS3	12898.26	1289	0	2	2
IS3_A17	IS3	14935.21	1302	0	0	0
IS3_A18	IS3	20520.85	1276	0	3	3
IS3_A19	IS3	14587.21	1297	0	2	2
IS3_A20	IS3	14226.52	1264	0	0	0
IS3_A21	IS3	15647.26	1258	0	0	0
IS3_A22	IS3	19536.89	1253	0	0	0
IS3_A23	IS3	14794.05	1281	0	2	2
IS3_A24	IS3	19904.81	1288	0	1	1
IS3_A25	IS3	15116.59	1289	0	0	0
IS3_A26	IS3	12762.94	1294	0	4	4
IS3_A27	IS3	12994.13	1316	0	2	2
IS3_A28	IS3	15686.02	1296	0	0	0
IS3_A29	IS3	14586.79	1264	0	2	2
IS3_A30	IS3	13888.23	1279	0	0	0
IS3_A31	IS3	22195.31	1320	0	3	3
IS3_A32	IS3	12738.55	1245	0	2	2
IS3_A33	IS3	17184.32	1299	0	0	0
IS3_A34	IS3	24896.73	1315	0	3	3
IS3_A35	IS3	15576.81	1282	0	0	0
IS3_A36	IS3	13497.11	1259	0	2	2
IS3_A37	IS3	15288.17	1259	0	0	0
IS3_A38	IS3	18982.35	1324	0	3	3
IS3_A39	IS3	16739.88	1294	0	1	1
IS3_A40	IS3	14545.75	1294	0	0	0
IS3_A41	IS3	17456.36	1297	0	0	0
IS3_A42	IS3	19394.52	1294	0	1	1
IS3_A43	IS3	22146.68	1272	0	1	1
IS3_A44	IS3	13478.79	1299	0	2	2
IS3_A45	IS3	22551.28	1284	0	3	3
IS3_A46	IS3	13921.47	1268	0	2	2
IS3_A47	IS3	14930.10	1311	0	2	2
IS3_A48	IS3	18309.23	1297	0	3	3
IS3_A49	IS3	18615.73	1305	0	1	1
IS3_A50	IS3	19984.26	1313	0	1	1
IS3_A51	IS3	12746.06	1269	0	2	2
IS3_A52	IS3	14345.19	1288	0	0	0
IS3_A53	IS3	16497.36	1250	0	1	1
IS3_A54	IS3	18797.84	1313	0	3	3
IS3_A55	IS3	18232.60	1313	0	0	0
IS3_A56	IS3	13799.33	1274	0	2	2
IS3_A57	IS3	15851.64	1273	0	0	0
IS3_A58	IS3	20089.30	1293	0	1	1
IS3_A59	IS3	13071.36	1265	0	4	4
IS3_A60	IS3	17581.13	1313	0	3	3
IS3_A61	IS3	21176.11	1299	0	3	3
IS3_A62	IS3	19751.71	1297	0	0	0
IS3_A63	IS3	16370.17	1285	0	0	0
IS3_A64	IS3	14839.84	1252	0	0	0
IS3_A65	IS3	12559.18	1290	0	0	0
IS3_A66	IS3	19085.43	1290	0	1	1
IS3_A67	IS3	15610.36	1330	0	1	1
IS3_A68	IS3	16888.65	1278	0	3	3
IS3_A69	IS3	15269.48	1271	0	2	2
IS3_A70	IS3	15619.05	1267	0	2	2
IS3_A71	IS3	13405.07	1261	0	4	4
IS3_A72	IS3	18230.40	1277	0	0	0
IS3_A73	IS3	15156.58	1274	0	0	0
IS3_A74	IS3	18302.54	1314	0	3	3
IS3_A75	IS3	15590.39	1267	0	0	0
IS3_A76	IS3	19493.32	1304	0	3	3
IS3_A77	IS3	16266.83	1278	0	0	0
IS3_A78	IS3	16567.92	1268	0	0	0
IS3_A79	IS3	14933.01	1308	0	4	4
IS3_A80	IS3	15130.87	1247	0	0	0
IS3_A81	IS3	15923.13	1310	0	0	0
IS3_A82	IS3	12373.30	1277	0	0	0
IS3_A83	IS3	18837.21	1300	0	1	1
IS3_A84	IS3	22473.32	1305	0	3	3
IS3_A85	IS3	12687.50	1265	0	2	2
IS3_A86	IS3	13694.44	1278	0	2	2
IS3_A87	IS3	15236.52	1305	0	0	0
IS3_A88	IS3	26797.50	1310	0	3	3
IS3_A89	IS3	20000.05	1316	0	0	0
IS3_A90	IS3	15292.03	1316	0	1	1
IS3_A91	IS3	12413.16	1266	0	0	0
IS3_A92	IS3	22182.59	1320	0	3	3
IS3_A93	IS3	22904.14	1274	0	3	3
IS3_A94	IS3	16854.01	1253	0	0	0
IS3_A95	IS3	12673.71	1274	0	2	2
IS3_A96	IS3	14531.51	1297	0	4	4
IS3_A97	IS3	17542.44	1267	0	0	0
IS3_A98	IS3	11872.74	1253	0	4	4
IS3_A99	IS3	16205.71	1261	0	0	0
IS3_A100	IS3	13585.58	1307	0	2	2
IS3_A101	IS3	16213.95	1258	0	0	0
IS3_A102	IS3	13449.53	1230	0	2	2
IS3_A103	IS3	15867.24	1287	0	1	1
IS3_A104	IS3	18186.96	1267	0	1	1
IS3_A105	IS3	26241.32	1295	0	3	3
IS3_A106	IS3	18861.84	1251	0	1	1
IS3_A107	IS3	15448.20	1278	0	4	4
IS3_A108	IS3	16849.82	1268	0	0	0
IS3_A109	IS3	13381.46	1300	0	4	4
IS3_A110	IS3	14216.94	1280	0	2	2
IS3_A111	IS3	18288.87	1300	0	1	1
IS3_A112	IS3	13349.47	1275	0	2	2
IS3_A113	IS3	16038.19	1275	0	0	0
IS3_A114	IS3	14695.54	1272	0	0	0
IS3_A115	IS3	12318.48	1285	0	4	4
IS3_A116	IS3	13366.92	1278	0	2	2
IS3_A117	IS3	12880.73	1296	0	4	4
IS3_A118	IS3	13687.21	1270	0	2	2
IS3_A119	IS3	21240.57	1264	0	3	3
IS3_A120	IS3	14769.53	1291	0	4	4
IS3_A121	IS3	15378.02	1284	0	2	2
IS3_A122	IS3	13889.12	1294	0	2	2
IS3_A123	IS3	13620.73	1305	0	2	2
IS3_A124	IS3	16367.18	1246	0	2	2
IS3_A125	IS3	14382.86	1284	0	2	2
IS3_A126	IS3	16178.10	1263	0	0	0
IS3_A127	IS3	20899.63	1272	0	0	0
IS3_A128	IS3	13836.88	1290	0	2	2
IS3_A129	IS3	13262.40	1254	0	2	2
IS3_A130	IS3	16305.99	1274	0	0	0
IS3_A131	IS3	13170.44	1267	0	4	4
IS3_A132	IS3	16345.94	1259	0	1	1
IS3_A133	IS3	19654.21	1264	0	0	0
IS3_A134	IS3	21679.89	1293	0	3	3
IS3_A135	IS3	14828.19	1298	0	0	0
IS3_A136	IS3	16703.21	1270	0	0	0
IS3_A137	IS3	15437.53	1218	0	2	2
IS3_A138	IS3	13944.47	1272	0	4	4
IS3_A139	IS3	13322.75	1304	0	4	4
IS3_A140	IS3	12864.39	1305	0	4	4
IS3_A141	IS3	19213.95	1274	0	1	1
IS3_A142	IS3	14226.86	1298	0	4	4
IS3_A143	IS3	15003.29	1248	0	2	2
IS3_A144	IS3	15806.73	1273	0	4	4
IS3_A145	IS3	13247.36	1258	0	2	2
IS3_A146	IS3	16296.89	1259	0	2	2
IS3_A147	IS3	14785.18	1251	0	0	0
IS3_A148	IS3	14281.21	1298	0	4	4
IS3_A149	IS3	15833.83	1293	0	0	0
IS3_A150	IS3	19697.63	1312	0	3	3
IS3_A151	IS3	26189.52	1296	0	3	3
IS3_A152	IS3	16143.93	1260	0	0	0
IS3_A153	IS3	15759.82	1293	0	0	0
IS3_A154	IS3	13147.26	1254	0	2	2
IS3_A155	IS3	15532.36	1309	0	4	4
IS3_A156	IS3	13441.07	1286	0	0	0
IS3_A157	IS3	14157.32	1260	0	0	0
IS3_A158	IS3	12739.04	1283	0	4	4
IS3_A159	IS3	21751.62	1279	0	3	3
IS3_A160	IS3	18854.72	1260	0	3	3
IS3_A161	IS3	18731.83	1316	0	3	3
IS3_A162	IS3	15123.18	1264	0	0	0
IS3_A163	IS3	18477.06	1289	0	0	0
IS3_A164	IS3	17755.41	1287	0	1	1
IS3_A165	IS3	14128.81	1253	0	0	0
IS3_A166	IS3	15888.23	1265	0	0	0
IS3_A167	IS3	18535.72	1235	0	3	3
IS3_A168	IS3	19287.58	1295	0	0	0
IS3_A169	IS3	21851.77	1287	0	3	3
IS3_A170	IS3	28516.46	1287	0	3	3
IS3_A171	IS3	18267.61	1280	0	0	0
IS3_A172	IS3	14571.62	1231	0	0	0
IS3_A173	IS3	15327.83	1301	0	0	0
IS3_A174	IS3	12904.02	1295	0	0	0
IS3_A175	IS3	18560.34	1292	0	3	3
IS3_A176	IS3	13144.46	1262	0	2	2
IS3_A177	IS3	15704.96	1265	0	0	0
IS3_A178	IS3	12949.88	1295	0	2	2
IS3_A179	IS3	15448.46	1307	0	2	2
IS3_A180	IS3	13903.15	1258	0	4	4
IS3_A181	IS3	29869.51	1281	0	3	3
IS3_A182	IS3	14069.34	1285	0	0	0
IS3_A183	IS3	12783.61	1307	0	4	4
IS3_A184	IS3	13896.67	1302	0	4	4
IS3_A185	IS3	15501.17	1314	0	0	0
IS3_A186	IS3	18761.15	1293	0	3	3
IS3_A187	IS3	17244.83	1309	0	2	2
IS3_A188	IS3	17381.39	1275	0	0	0
IS3_A189	IS3	13340.51	1287	0	4	4
IS3_A190	IS3	14259.11	1297	0	4	4
IS3_A191	IS3	16952.01	1288	0	0	0
IS3_A192	IS3	18236.58	1266	0	1	1
IS3_A193	IS3	13901.77	1265	0	2	2
IS3_A194	IS3	13122.35	1302	0	4	4
IS3_A195	IS3	16844.39	1268	0	2	2
IS3_A196	IS3	13854.64	1263	0	0	0
IS3_A197	IS3	16019.43	1299	0	0	0
IS3_A198	IS3	14760.24	1290	0	2	2
IS3_A199	IS3	18149.62	1281	0	2	2
IS3_A200	IS3	17538.82	1282	0	3	3
IS3_A201	IS3	14760.84	1313	0	0	0
IS3_A202	IS3	16919.71	1299	0	4	4
IS3_A203	IS3	13854.22	1296	0	4	4
IS3_A204	IS3	14979.23	1226	0	1	1
IS3_A205	IS3	13503.55	1293	0	4	4
IS3_A206	IS3	14022.49	1266	0	2	2
IS3_A207	IS3	23168.39	1295	0	1	1
IS3_A208	IS3	18016.05	1311	0	1	1
IS3_A209	IS3	19068.97	1252	0	0	0
IS3_A210	IS3	13620.60	1270	0	2	2
IS3_A211	IS3	18273.70	1319	0	1	1
IS3_A212	IS3	16854.82	1310	0	3	3
IS3_A213	IS3	17277.30	1336	0	3	3
IS3_A214	IS3	15761.36	1321	0	4	4
IS3_A215	IS3	15644.29	1283	0	2	2
IS3_A216	IS3	15131.09	1282	0	0	0
IS3_A217	IS3	20207.41	1309	0	3	3
IS3_A218	IS3	15962.65	1303	0	4	4
IS3_A219	IS3	13118.09	1285	0	4	4
IS3_A220	IS3	22106.15	1309	0	3	3
IS3_A221	IS3	19205.15	1256	0	1	1
IS3_A222	IS3	13447.03	1279	0	4	4
IS3_A223	IS3	21205.08	1298	0	3	3
IS3_A224	IS3	14695.73	1289	0	0	0
IS3_A225	IS3	13683.40	1290	0	2	2
IS3_A226	IS3	15610.17	1287	0	0	0
IS3_A227	IS3	13706.40	1248	0	2	2
IS3_A228	IS3	16192.19	1259	0	0	0
IS3_A229	IS3	15164.69	1269	0	0	0
IS4_A1	IS4	15491.44	1302	0	4	4
IS4_A2	IS4	15276.72	1260	0	0	0
IS4_A3	IS4	15902.83	1267	0	2	2
IS4_A4	IS4	15875.89	1293	0	1	1
IS4_A5	IS4	23118.02	1299	0	3	3
IS4_A6	IS4	15587.44	1250	0	0	0
IS4_A7	IS4	14305.41	1231	0	2	2
IS4_A8	IS4	16259.83	1269	0	0	0
IS4_A9	IS4	29263.07	1263	0	3	3
IS4_A10	IS4	19246.12	1319	0	1	1
IS4_A11	IS4	14287.08	1287	0	2	2
IS4_A12	IS4	21769.08	1270	0	3	3
IS4_A13	IS4	14787.79	1252	0	2	2
IS4_A14	IS4	15190.71	1295	0	0	0
IS4_A15	IS4	12630.90	1271	0	0	0
IS4_A16	IS4	22962.77	1334	0	5	5
IS4_A17	IS4	15420.51	1282	0	1	1
IS4_A18	IS4	15231.65	1282	0	0	0
IS4_A19	IS4	14823.41	1255	0	2	2
IS4_A20	IS4	17179.15	1254	0	0	0
IS4_A21	IS4	14958.06	1285	0	0	0
IS4_A22	IS4	13744.37	1259	0	2	2
IS4_A23	IS4	20070.04	1261	0	3	3
IS4_A24	IS4	14925.23	1310	0	2	2
IS4_A25	IS4	12333.85	1259	0	2	2
IS4_A26	IS4	13721.15	1301	0	4	4
IS4_A27	IS4	15421.24	1262	0	0	0
IS4_A28	IS4	13365.04	1263	0	2	2
IS4_A29	IS4	15060.27	1260	0	2	2
IS4_A30	IS4	15152.37	1299	0	0	0
IS4_A31	IS4	17135.67	1276	0	3	3
IS4_A32	IS4	14932.54	1297	0	0	0
IS4_A33	IS4	13142.84	1261	0	2	2
IS4_A34	IS4	14085.00	1276	0	2	2
IS4_A35	IS4	14775.44	1301	0	0	0
IS4_A36	IS4	14977.62	1300	0	4	4
IS4_A37	IS4	17756.35	1300	0	0	0
IS4_A38	IS4	13315.48	1276	0	0	0
IS4_A39	IS4	17780.08	1315	0	0	0
IS4_A40	IS4	14845.07	1271	0	2	2
IS4_A41	IS4	20543.44	1295	0	1	1
IS4_A42	IS4	18891.48	1269	0	0	0
IS4_A43	IS4	28297.26	1318	0	3	3
IS4_A44	IS4	14019.23	1269	0	2	2
IS4_A45	IS4	19826.51	1296	0	3	3
IS4_A46	IS4	13020.89	1303	0	4	4
IS4_A47	IS4	14738.82	1277	0	0	0
IS4_A48	IS4	15122.34	1266	0	2	2
IS4_A49	IS4	17756.16	1261	0	0	0
IS4_A50	IS4	19739.62	1271	0	1	1
IS4_A51	IS4	16337.02	1290	0	2	2
IS4_A52	IS4	18022.86	1314	0	0	0
IS4_A53	IS4	19279.17	1295	0	2	2
IS4_A54	IS4	19587.53	1272	0	3	3
IS4_A55	IS4	12933.35	1255	0	2	2
